---
header: 
  seq: 77901
  stamp: 
    secs: 1678332321
    nsecs: 164077759
  frame_id: "odom"
child_frame_id: "base_footprint"
pose: 
  pose: 
    position: 
      x: 23.822889500642724
      y: -7.0889084096550254
      z: 0.0
    orientation: 
      x: 0.0
      y: 0.0
      z: -0.10171392747945009
      w: 0.9948136895704166
  covariance: [2321.69059597313, 6167.798941890413, 0.0, 0.0, 0.0, 355.83390146774974, 6167.7989418903235, 18739.50768478631, 0.0, 0.0, 0.0, 937.3681988122929, 0.0, 0.0, 4.995258342789171e-07, -6.361025736659916e-32, 8.711445620816883e-24, 0.0, 0.0, 0.0, -6.361025736659913e-32, 4.990534613662709e-07, 2.9964432676247616e-36, 0.0, 0.0, 0.0, 8.711445620816883e-24, -2.9964432652946667e-36, 4.990534613662709e-07, 0.0, 355.83390146774974, 937.3681988122929, 0.0, 0.0, 0.0, 93.49412394338566]
twist: 
  twist: 
    linear: 
      x: -1.3159869412068312e-09
      y: 0.0
      z: 0.0
    angular: 
      x: 0.0
      y: 0.0
      z: -8.99831481170179e-07
  covariance: [0.0007079390997178678, 0.0, 0.0, 0.0, 0.0, 0.0, 0.0, 0.0007079390997178678, 0.0, 0.0, 0.0, 0.0, 0.0, 0.0, 4.992894245147344e-07, -3.8925003490277506e-41, 5.30119587431707e-33, 0.0, 0.0, 0.0, -3.892500348997173e-41, 4.971816457469195e-07, 7.173628953271834e-27, 0.0, 0.0, 0.0, 5.30119587431707e-33, -7.173628953271833e-27, 4.971816457469195e-07, 0.0, 0.0, 0.0, 0.0, 0.0, 0.0, 9.999714968625646e-10]